$ANSIBLE_VAULT;1.1;AES256
65613765343531643033646130643738383932386363393436636431386166333935343034326563
3537366338316135623236326535666232613232326465310a666634353263343838396131326537
35623863656631653233656631326638373763343837353563643037376435386663366538626238
3338623435323863630a333265666332613439643831633531313831363033356637613661316237
61306537653563313863346239343034316363646662363464313265356337386161393733356435
33613831373030353661386338363165313432666337636463363761336438653562383632613635
33613734386461663266396237353732396336323761306161333464323339626231613231386432
63363231613433666334323837383032303433653132393335353864353038303533623332316336
33373662653138333635313936316463666162623539363836663638323363346331666465393862
65376536363038616239343430626635313164636437323036663730623262396563323831646534
64623761613935646432326336326561633362323265366631333262383535646362313363373635
37663837383063393038396134356434313638396130396366666162646431636330646631356139
66313261643839303233646333356537626463626634663235323232626139386537643165323966
37623762636461376233663635353337663832653839663732316261343964666230616131656536
66336332653537333038633665633834646230663666363837393436303363613866343863623565
36613333306262326162666539393266656237303664366439663539313334343730316332643238
38666335656634663333393336343638363033653433393638636430313563393339646331393262
62336135386536366336663563396435376365633436643138306233333665316133353538626430
65396530663031386130613732393030616630383465326665306462313964636531303462623935
65633466333138313831383238363063656436376538353431356463393036623834613761323831
36353132626464373634353039396537333033313966643165393032316236626666336165653438
35343938306161636438336632623062346264396239346161313333376634646465363962303864
65383363373565303839396630316364653234666664323538393766636439626263623837643733
65376330366666343765656561303731636666613633316565346138376432373934303739343762
31366639343465386465626432333861633962336664353532313766303164303461
