$ANSIBLE_VAULT;1.1;AES256
63366431336364623533643532393165383762656233363138376238383039306332346466343836
6366613964383638396666313532303835393636393636650a626134633831386264323635616232
65343835633032643331323563623164636132366533306539663965373331633165353738353266
6332613537343935360a656664326536393063346134373661343337396638356262313666323732
65623162613864616136306436653230666265396334343365326138356237633638356662373934
39333834326464613766323833306333376533333434383064643739663561303534666233393766
61386461353630656535633437336230356461343865316632653834383664633765333566373761
31353136623064623561353635623835343163346265316437346439663538343763313934333861
65323734653139633565336438366130613830306531386434356364376431633432363235646138
66666466656565363464666535376139346438386335626661373733333436656665653662643065
31366666623531376663373430656466356335646531326161396434346233323035623738633730
32613666346238646538356239366434343435336130326232323835333931393063323033656133
33306462303433313665343732633939653435626464623564653264383332333462666434623036
37376430666335656133323364393333343664333764333736333934663633386166333835363363
34626332633032333537613735656530366665653337663766353264353635316539393936373263
34316565313238656431363266643538666435636338663135393666393431636339376538393964
31343032613235306330313831363836303038633534333939366561643361653334656436343437
63316562613638306136663336356633666135333134613264613437363632633165343737306130
30343631653264366362396432386139386234303561383961333966343465643233353537613561
32643461343762363261366435386438346530393762366363383866373263323138663234356235
39623638346664353664616437386638626535373561656530646662633131393932336131333438
39316131333262383266333030353337356533383330383735366631333939303635356437356266
63353038643764393730626664643133373831623362323337646338623133373563373065333364
38663164636363653837
