$ANSIBLE_VAULT;1.1;AES256
32623632613161653739363338366232396632316138346265613732363236323966316537626237
6433366332376138373130353832633732353664623330640a366136383930343862373032646463
62663437646564373939373937646337363738313665313232646634333034616665333166373637
6639323637383431370a623038616365313663356331643134653633633834386664316365626536
39373964633163376662623963326563333339323164626664363961373463626563396438653730
36336635656464646564363537303334663034636666623034393733373765643036663232643535
32346336383130366264663535393034343537643335376439313631356566613765363230313531
66343363636637313130316232323363656365663865626536313961636666393464613630643530
34633235613435633238336430613034623830396265663037613334353961643563356431633930
33393065623430386233373534653038363931303539333064663334323838343732313165366230
32363735656139663830656463333362623532373731313933633231333762663630326234376435
36336337323231653136633130626464623838643934363663333666653437353834653463346366
37383331633133626436333732353761313337303935363261356530323437333634343630623630
3339666238313538396532393561383764643463363530633039
